% kody PW Extra DGWS

kod_PW = [
   150240020
   150240010
   150230080
   150230070
   150230010
   150220160
   150220140
   150220130
   150220120
   150220110
   150220100
   150220090
   150220080
   150220070
   150220060
   150220050
   150220040
   150220030
   150220020
   150220010
   150210210
   150210200
   150210190
   150210170
   150210160
   150210150
   150210140
   150210130
   150210120
   150210110
   150210100
   150210070
   150210060
   150210030
   150210020
   150210010
   150200170
   150200160
   150200150
   150200140
   150200120
   150200100
   150200090
   150200080
   150200070
   150200060
   150200050
   150200040
   150200030
   150200020
   150200010
   150190360
   150190340
   150190330
   150190310
   150190280
   150190260
   150190240
   150190210
   150190200
   150190190
   150190180
   150190170
   150190160
   150190150
   150190140
   150190130
   150190120
   150190100
   150190080
   150190070
   150190060
   150190010
   150180270
   149220210
   149220200
   149220190
   149220180
   149220160
   149220150
   149220140
   149220130
   149220110
   149220100
   149220080
   149220070
   149220060
   149220050
   149220040
   149220030
   149220020
   149220010
   149210160
   149210150
   149210140
   149210130
   149210120
   149210110
   149210100
   149210090
   149210080
   149210070
   149210060
   149210050
   149210040
   149210030
   149210010
   149200370
   149200360
   149200330
   149200320
   149200310
   149200290
   149200280
   149200270
   149200260
   149200250
   149200240
   149200230
   149200220
   149200200
   149200190
   149200170
   149200160
   149200150
   149200140
   149200130
   149200120
   149200110
   149200100
   149200090
   149200080
   149200060
   149200050
   149200040
   149200030
   149200020
   149200010
   149190390
   149190380
   149190370
   149190360
   149190350
   149190340
   149190310
   149190300
   149190290
   149190280
   149190270
   149190260
   149190250
   149190240
   149190230
   149190220
   149190210
   149190200
   149190180
   149190170
   149190160
   149190150
   149190140
   149190120
   149190100
   149190090
   149190080
   149190070
   149190060
   149190050
   149190040
   149190030
   149190020
   149190010
   149180250
   149180240
   149180230
   149180220
   149180210
   149180200
   149180180
   149180160
   149180140
   149180130
   149180120
   149180110
   149180100
   149180090
   149180080];
