% kody PO dla Extra DGWS  

kod_PO = [
   350230595
   350220580
   350210585
   350200575
   350200570
   350190566
   350190560
   350190550
   350180540
   349220695
   349220690
   349210670
   349200660
   349190650
   349190625
   349190600
   251210240
   251210230
   251200250
   251200240
   251200220
   251190160
   250240010
   250230170
   250230160
   250230140
   250230130
   250230070
   250230060
   250230020
   250220210
   250220140
   250220130
   250220120
   250220080
   250220050
   250220030
   250210260
   250210240
   250210230
   250210220
   250210210
   250210180
   250210170
   250210160
   250210130
   250210120
   250210110
   250210090
   250210080
   250210070
   250210050
   250210040
   250210030
   250210020
   250200380
   250200360
   250200290
   250200280
   250200250
   250200230
   250200220
   250200210
   250200130
   250200110
   250200090
   250200050
   250200040
   250200010
   250190520
   250190470
   250190380
   250190310
   250190290
   250190220
   250190210
   250190180
   250190170
   250190160
   250190140
   250190080
   250190030
   250190010
   250180590
   250180580
   250180330
   250180270
   250180250
   250180190
   249220350
   249220340
   249220330
   249220320
   249220310
   249220290
   249220280
   249220270
   249220260
   249220250
   249220240
   249220230
   249220220
   249220210
   249220190
   249220180
   249220170
   249220160
   249220150
   249220140
   249220130
   249220120
   249220110
   249220080
   249220070
   249220060
   249220040
   249220010
   249210270
   249210260
   249210250
   249210240
   249210230
   249210220
   249210210
   249210190
   249210180
   249210170
   249210160
   249210150
   249210140
   249210130
   249210120
   249210090
   249210080
   249210070
   249210040
   249210030
   249210010
   249201010
   249200990
   249200980
   249200970
   249200930
   249200920
   249200910
   249200570
   249200550
   249200540
   249200530
   249200490
   249200480
   249200470
   249200450
   249200440
   249200420
   249200380
   249200370
   249200360
   249200350
   249200340
   249200330
   249200320
   249200310
   249200290
   249200280
   249200270
   249200260
   249200250
   249200240
   249200230
   249200220
   249200210
   249200180
   249200140
   249200130
   249200120
   249200110
   249200080
   249200070
   249200060
   249200050
   249200020
   249190890
   249190770
   249190750
   249190680
   249190670
   249190660
   249190650
   249190640
   249190630
   249190620
   249190610
   249190580
   249190560
   249190540
   249190530
   249190520
   249190480
   249190470
   249190460
   249190440
   249190430
   249190420
   249190410
   249190390
   249190380
   249190350
   249190340
   249190320
   249190310
   249190290
   249190280
   249190270
   249190240
   249190230
   249190220
   249190210
   249190190
   249190170
   249190150
   249190140
   249190130
   249190110
   249190090
   249190080
   249190060
   249190050
   249190030
   249190010
   249180410
   249180390
   249180280
   249180260
   249180240
   249180230
   249180220
   249180210
   249180180
   249180170
   249180160
   249180150
   249180130
   249180090
   249180070
   249180020
   249180010];
